-89 0 11276 HSPA
-89 4 11276 HSPA+
-89 5 11276 HSPA+
-85 13 34818 HSPA+
-87 18 65535 HSPA+
-87 20 11277 HSPA+
-87 22 11277 HSPA+
-87 22 11277 HSPA+
-87 28 40043 HSPA+
-87 29 40043 HSPA+
-89 32 40043 HSPA+
-87 35 40043 HSPA+
-89 38 40043 HSPA+
-89 40 40043 HSPA+
-89 41 40043 HSPA+
-89 44 40043 HSPA+
-87 47 40043 HSPA+
-91 49 40043 HSPA+
-91 50 40043 HSPA+
-93 53 40043 HSPA+
-95 56 40043 HSPA+
-93 59 40043 HSPA+
-97 60 40043 HSPA+
-97 62 40043 HSPA+
-93 66 40043 HSPA+
-93 69 40043 HSPA+
-93 72 40043 HSPA+
-97 75 40043 HSPA+
-95 78 40043 HSPA+
-101 81 40043 HSPA+
-101 84 40043 HSPA
-101 87 40043 HSPA+
-101 90 40043 HSPA+
-101 115 30458 HSPA+
-101 115 30458 HSPA+
-85 115 30458 HSPA+
-85 115 30458 HSPA+
-93 115 30458 HSPA+
-93 115 30458 HSPA+
-93 115 30458 HSPA+
-93 115 30458 HSPA+
-97 117 30458 HSPA+
-97 120 30458 HSPA+
-97 120 30458 HSPA+
-91 123 30458 HSPA+
-93 126 30458 HSPA+
-85 129 30458 HSPA+
-81 132 30458 HSPA+
-83 135 30458 HSPA+
-73 138 30458 HSPA+
-73 141 30458 HSPA+
-73 141 30458 HSPA+
-75 144 30458 HSPA+
-71 147 30458 HSPA+
-71 150 30458 HSPA+
-71 153 30458 HSPA+
-71 156 30458 HSPA+
-69 159 30458 HSPA+
-69 162 30458 HSPA+
-75 165 30458 HSPA+
-75 168 30458 HSPA+
-85 171 30458 HSPA+
-63 174 30458 HSPA+
-69 177 30458 HSPA+
-67 180 30458 HSPA+
-59 183 30458 HSPA+
-57 186 30458 HSPA+
-57 189 30458 HSPA+
-51 192 30458 HSPA+
-55 195 30458 HSPA+
-55 198 30458 HSPA+
-51 201 30458 HSPA+
-51 204 30458 HSPA+
-51 207 30458 HSPA+
-53 210 30458 HSPA+
-57 213 30458 HSPA+
-61 219 30458 HSPA+
-61 222 30458 HSPA+
-61 225 30458 HSPA+
-53 228 30458 HSPA+
-53 231 30458 HSPA+
-53 234 30458 HSPA+
-53 237 30458 HSPA+
-53 240 30458 HSPA+
-53 243 30457 HSPA+
-63 246 30457 HSPA+
-57 249 30457 HSPA+
-65 252 30456 HSPA+
-65 252 30456 HSPA+
-67 255 30456 HSPA+
-67 258 30456 HSPA+
-71 261 30456 HSPA+
-59 264 30456 HSPA+
-73 267 30456 HSPA+
-69 270 30456 HSPA+
-69 272 30456 HSPA+
-63 273 30456 HSPA+
-61 276 30456 HSPA+
-69 279 30456 HSPA+
-75 282 30456 HSPA+
-75 285 30456 HSPA+
-81 288 30456 HSPA+
-69 291 30456 HSPA+
-79 294 30456 HSPA+
-83 297 30456 HSPA+
-83 300 30456 HSPA+
-83 303 30456 HSPA+
-81 306 30456 HSPA+
-81 309 30456 HSPA+
-81 312 30456 HSPA+
-75 315 30456 HSPA
-85 318 11078 HSPA
-85 321 11078 HSPA
-81 324 11078 HSDPA
-83 327 11078 HSDPA
-81 330 11078 HSPA
-81 332 11078 HSPA+
-73 333 11078 HSPA+
-73 336 11078 HSPA+
-79 339 11078 HSPA+
-75 342 11078 HSPA+
-73 345 11078 HSPA+
-77 348 11078 HSPA+
-73 351 11078 HSPA+
-73 352 11078 HSPA+
-69 354 11078 HSPA+
-71 357 11078 HSPA+
-71 360 11078 HSPA+
-71 377 11077 HSPA+
-61 377 11077 HSPA+
-59 377 11077 HSPA+
-61 377 11077 HSPA+
-67 377 11077 HSPA+
-67 377 11077 HSPA+
-65 378 11077 HSPA+
-63 381 11077 HSPA+
-63 384 11077 HSPA+
-61 393 11071 HSPA+
-61 394 11071 HSPA+
-61 394 11071 HSPA+
-67 394 11071 HSPA+
-65 396 11071 HSPA+
-65 399 11071 HSPA+
-69 402 11071 HSPA+
-61 408 1178 HSPA+
-57 408 1178 HSPA+
-57 411 1178 HSPA+
-57 413 1178 HSPA+
-61 414 1178 HSPA+
-61 417 1178 HSPA+
-71 420 1178 HSPA+
-69 423 1178 HSPA+
-67 426 1178 HSPA+
-69 429 1178 HSPA+
-65 432 1178 HSPA+
-65 433 1178 HSPA+
-69 435 1178 HSPA+
-61 443 11071 HSPA+
-59 443 11071 HSPA+
-63 444 11071 HSPA+
-63 447 11071 HSPA+
-59 450 11071 HSPA+
-61 453 11071 HSPA+
-61 455 11071 HSPA+
-65 456 11071 HSPA+
-61 460 11071 HSPA+
-67 474 11077 HSPA+
-71 474 11077 HSPA+
-67 474 11077 HSPA+
-61 475 11077 HSPA+
-61 482 11077 HSPA+
-65 488 11077 HSPA+
-65 491 11077 HSPA+
-65 494 11077 HSPA+
-63 497 11077 HSPA+
-63 515 11077 HSPA+
-67 521 11077 HSPA+
-65 524 11077 HSPA+
-63 527 11077 HSPA+
-69 533 11077 HSPA+
-69 536 11077 HSPA+
-69 542 11077 HSPA+
-67 548 11077 HSPA+
-67 551 11077 HSPA+
-69 554 11077 HSPA+
-75 557 11077 HSPA+
-75 560 11077 HSPA+
-73 563 11077 HSPA+
-71 566 11077 HSPA+
-71 569 11077 HSPA+
-71 572 11077 HSPA+
-77 578 11077 HSPA+
-77 581 11077 HSPA+
-77 584 11077 HSPA+
-77 587 11077 HSPA+
-83 590 11077 HSPA+
-75 593 11077 HSPA+
-81 596 11077 HSPA+
-77 599 11077 HSPA+
-85 602 11077 HSPA+
-75 605 11077 HSPA+
-85 608 11077 HSPA+
-87 611 11077 HSPA+
-91 614 11077 HSPA+
-93 617 11077 HSPA+
-91 620 11077 HSPA+
-91 623 11077 HSPA+
-91 649 65535 HSPA+
-91 649 65535 HSPA+
-93 649 65535 HSPA+
-93 658 8287 HSPA+
-93 658 8287 HSPA+
-91 658 8287 HSPA+
-95 658 8287 HSPA+
-95 659 8287 HSPA+
-95 659 8287 HSPA+
-99 659 8287 HSPA+
-93 659 8287 HSPA+
-93 659 8287 HSPA+
-93 660 16416 HSPA+
-81 660 16416 HSPA+
-85 662 16416 HSPA+
-83 666 65535 HSPA+
-83 671 8288 HSPA+
-81 672 8288 HSPA+
-69 674 34817 HSPA+
-69 674 34817 HSPA+
-77 677 34817 HSPA+
-71 680 34817 HSPA+
-71 685 8288 HSPA+
-77 686 8288 HSPA+
-69 689 8288 HSPA+
-69 692 8288 HSPA+
-71 693 8288 HSPA+
-71 695 8288 HSPA+
-77 698 8288 HSPA+
-73 701 34818 HSPA+
-69 704 34818 HSPA+
-65 707 34818 HSPA+
-71 710 34818 HSPA+
-73 713 34818 HSPA+
-73 715 34818 HSPA+
-73 716 34818 HSPA+
-69 719 34818 HSPA+
-75 722 34818 HSPA+
-77 725 34818 HSPA+
-81 728 34818 HSPA+
-81 731 34818 HSPA+
-85 734 34818 HSPA+
-75 736 11276 HSPA+
-75 737 11276 HSPA+
-83 740 11276 HSPA+
-85 744 11276 HSPA+
-85 746 11276 HSPA+
