-83 0 40043 HSPA+
-83 4 40043 HSPA+
-89 10 40043 HSPA+
-89 13 40043 HSPA+
-87 16 40043 HSPA+
-87 17 40043 HSPA+
-91 19 40043 HSPA+
-91 22 40043 HSPA+
-87 25 40043 HSPA+
-87 28 40043 HSPA+
-87 31 40043 HSPA+
-95 34 40043 HSPA+
-95 37 40043 HSPA+
-95 40 40043 HSPA+
-91 43 40043 HSPA+
-91 46 40043 HSPA+
-91 49 40043 HSPA+
-97 52 40043 HSPA+
-97 55 40043 HSPA+
-97 58 40043 HSPA+
-97 61 40043 HSPA
-97 64 40043 HSPA+
-97 70 40043 HSPA+
-97 80 30458 HSPA+
-85 80 30458 HSPA+
-75 81 30458 HSPA+
-75 82 30458 HSPA+
-89 85 30458 HSPA+
-89 88 30458 HSPA+
-89 91 30458 HSPA+
-91 94 30458 HSPA+
-85 97 30458 HSPA+
-85 97 30458 HSPA+
-85 100 30458 HSPA+
-85 103 30458 HSPA+
-73 106 30458 HSPA+
-73 109 30458 HSPA+
-75 112 30458 HSPA+
-77 115 30458 HSPA+
-77 118 30458 HSPA+
-83 121 30458 HSPA+
-77 124 30458 HSPA+
-77 127 30458 HSPA+
-59 130 30458 HSPA+
-65 133 30458 HSPA+
-65 136 30458 HSPA+
-69 139 30458 HSPA+
-63 142 30458 HSPA+
-63 145 30458 HSPA+
-73 148 30458 HSPA+
-61 151 30458 HSPA+
-61 154 30458 HSPA+
-61 157 30458 HSPA+
-51 160 30458 HSPA+
-51 163 30458 HSPA+
-51 166 30458 HSPA+
-51 169 30458 HSPA+
-51 172 30458 HSPA+
-51 175 30458 HSPA+
-69 178 30458 HSPA+
-69 181 30458 HSPA+
-57 184 30458 HSPA+
-55 187 30458 HSPA+
-55 190 30458 HSPA+
-63 193 30458 HSPA+
-51 223 30456 HSPA+
-51 224 30456 HSPA+
-51 224 30456 HSPA+
-65 224 30456 HSPA+
-65 224 30456 HSPA+
-65 224 30456 HSPA+
-67 224 30456 HSPA+
-67 224 30456 HSPA+
-63 224 30456 HSPA+
-71 224 30456 HSPA+
-69 224 30456 HSPA+
-69 224 30456 HSPA+
-77 226 30456 HSPA+
-77 229 30456 HSPA+
-77 232 30456 HSPA+
-81 235 30456 HSPA+
-81 238 30456 HSPA+
-81 239 30456 HSPA+
-81 241 30456 HSPA+
-79 257 65535 HSPA+
-81 257 65535 HSPA+
-81 257 65535 HSPA+
-85 257 65535 HSPA+
-75 257 65535 HSPA+
-75 259 65535 HSPA+
-71 262 65535 HSPA+
-75 265 65535 HSPA+
-75 268 65535 HSPA+
-65 271 65535 HSPA+
-71 274 65535 HSPA+
-71 277 65535 HSPA+
-73 280 65535 HSPA+
-73 283 65535 HSPA+
-73 286 65535 HSPA+
-71 289 65535 HSPA+
-71 292 65535 HSPA+
-71 295 65535 HSPA+
-63 299 65535 HSPA+
-63 301 65535 HSPA+
-63 304 65535 HSPA+
-55 307 65535 HSPA+
-55 310 65535 HSPA+
-55 313 65535 HSPA+
-63 316 65535 HSPA+
-57 319 65535 HSPA+
-57 322 65535 HSPA+
-61 325 65535 HSPA+
-65 328 65535 HSPA+
-67 337 65535 HSPA+
-61 343 65535 HSPA+
-69 346 65535 HSPA+
-69 349 65535 HSPA+
-67 352 65535 HSPA+
-63 355 65535 HSPA+
-63 358 65535 HSPA+
-63 362 65535 HSPA+
-63 364 65535 HSPA+
-63 367 65535 HSPA+
-59 370 65535 HSPA+
-59 373 65535 HSPA+
-59 376 65535 HSPA+
-65 379 65535 HSPA+
-65 382 65535 HSPA+
-63 385 65535 HSPA+
-65 388 65535 HSPA+
-65 391 65535 HSPA+
-71 394 65535 HSPA+
-71 397 65535 HSPA+
-71 400 65535 HSPA+
-71 403 65535 HSPA+
-71 409 65535 HSPA+
-75 412 65535 HSPA+
-75 415 65535 HSPA+
-75 418 65535 HSPA+
-75 421 65535 HSPA+
-71 424 65535 HSPA+
-71 427 65535 HSPA+
-61 430 65535 HSPA+
-69 433 65535 HSPA+
-69 436 65535 HSPA+
-89 439 65535 HSPA+
-87 442 65535 HSPA+
-87 445 65535 HSPA+
-89 448 65535 HSPA+
-93 451 65535 HSPA+
-93 454 65535 HSPA+
-93 477 65535 HSPA+
-93 477 65535 HSPA+
-93 498 8287 UNKNOWN
-93 498 8287 UNKNOWN
-89 498 8287 UNKNOWN
-89 498 8287 UNKNOWN
-89 498 8287 UNKNOWN
-95 498 8287 UNKNOWN
-89 498 8287 UNKNOWN
-89 498 8287 UNKNOWN
-91 498 8287 UNKNOWN
-91 498 8287 UNKNOWN
-200 498 65535 UNKNOWN
-200 498 65535 UNKNOWN
-200 499 65535 UNKNOWN
-200 499 65535 UNKNOWN
-89 502 34816 HSPA
-77 505 34816 HSPA+
-77 506 34816 HSPA+
-79 508 34816 HSPA+
-69 529 34817 HSPA+
-75 530 34817 HSPA+
-71 530 34817 HSPA+
-71 530 34817 HSPA+
-89 530 34817 HSPA+
-79 531 34817 HSPA+
-75 531 34817 HSPA+
-69 532 34817 HSPA+
-71 532 34817 HSPA+
-71 539 34818 HSPA+
-67 539 34818 HSPA+
-67 540 34818 HSPA+
-63 541 34818 HSPA+
-63 544 34818 HSPA+
-65 547 34818 HSPA+
-67 550 34818 HSPA+
-69 553 34818 HSPA+
-65 556 34818 HSPA+
-73 559 34818 HSPA+
-73 559 34818 HSPA+
-81 562 34818 HSPA+
-81 565 34818 HSPA+
-75 568 34818 HSPA+
-77 571 34818 HSPA+
-85 574 34818 HSPA+
-89 587 11277 HSPA+
