-63 0 30458 HSPA+
-63 3 30458 HSPA+
-71 6 30458 HSPA+
-71 8 30458 HSPA+
-71 9 30458 HSPA+
-71 12 30458 HSPA+
-67 15 30458 HSPA+
-63 18 30458 HSPA+
-65 21 30458 HSPA+
-77 24 30458 HSPA+
-77 27 30458 HSPA+
-77 30 30458 HSPA+
-81 33 30458 HSPA+
-81 35 30458 HSPA+
-87 38 30458 HSPA+
-91 41 30458 HSPA+
-91 44 30458 HSPA+
-91 47 19576 HSPA+
-85 49 19576 HSPA+
-85 51 19576 HSPA+
-91 53 19576 HSPA+
-91 56 19576 HSPA+
-91 62 32167 HSPA+
-91 62 19576 HSPA+
-91 65 19576 HSPA+
-91 70 32167 HSPA+
-91 70 32167 HSPA+
-91 71 32167 HSPA+
-91 74 32167 HSPA+
-91 77 32167 HSPA+
-91 81 65535 HSPA+
-91 83 11278 HSPA+
-87 86 11278 HSPA+
-87 90 48067 HSPA+
-87 90 48067 HSPA+
-63 92 48067 HSPA+
-63 96 11278 HSPA+
-69 98 11278 HSPA+
-69 101 11278 HSPA+
-61 104 11278 HSPA+
-67 107 11278 HSPA+
-67 109 11278 HSPA+
-67 110 11278 HSPA+
-67 113 11278 HSPA+
-73 116 11277 HSPA+
-75 119 11277 HSPA+
-73 122 11277 HSPA+
-81 125 11277 HSPA+
-87 128 11277 HSPA+
-87 129 11277 HSPA+
-83 132 11277 HSPA+
-83 134 11277 HSPA+
-83 137 11277 HSPA+
-87 140 11277 HSPA+
-81 143 11277 HSPA+
-81 146 11277 HSPA+
-75 149 11277 HSPA+
-75 149 11277 HSPA+
-81 152 11277 HSPA+
-81 155 11277 HSPA+
-81 158 11277 HSPA+
-89 161 11277 HSPA+
-89 166 40043 HSPA+
-89 168 40043 HSPA+
-89 169 40043 HSPA+
-85 170 40043 HSPA+
-85 174 40043 HSPA+
-85 177 40043 HSPA+
-85 180 40043 HSPA+
-85 185 65535 HSPA+
-85 187 16417 HSPA+
-85 189 16417 HSPA+
-85 189 16417 HSPA+
-85 192 16417 HSPA+
-85 195 16417 HSPA+
-85 198 16417 HSPA+
-73 201 16417 HSPA+
-81 204 16417 HSPA+
-81 207 16417 HSPA+
-81 209 16417 HSPA+
-81 210 16417 HSPA+
-81 213 16417 HSPA+
-81 218 16416 HSPA+
-81 219 16416 HSPA+
-77 222 16416 HSPA+
-77 225 16416 HSPA+
-75 228 16416 HSPA+
-75 229 16416 HSPA+
-75 231 16416 HSPA+
-75 234 16416 HSPA+
-77 237 16416 HSPA+
-73 240 16416 HSPA+
-77 243 16416 HSPA+
-83 246 16416 HSPA+
-87 249 16416 HSPA+
-87 249 16416 HSPA+
-85 252 16416 HSPA+
-85 255 16416 HSPA+
-85 258 39246 HSPA+
-79 261 39246 HSPA+
-85 264 39246 HSPA+
-81 267 39246 HSPA+
-81 269 39246 HSPA+
-81 270 39246 HSPA+
-85 273 39246 HSPA+
-85 277 65535 HSPA+
-97 279 65535 HSPA+
-97 282 65535 HSPA+
-97 285 65535 HSPA+
-93 287 65535 HSPA+
-93 291 65535 HSPA+
-93 294 65535 HSPA+
-89 296 65535 HSPA+
-81 299 65535 HSPA+
-87 302 65535 HSPA+
-87 305 65535 HSPA+
-87 309 65535 HSPA+
-83 311 65535 HSPA+
-83 314 65535 HSPA+
-83 317 65535 HSPA+
-69 320 65535 HSPA+
-69 323 65535 HSPA+
-71 327 65535 HSPA+
-63 329 65535 HSPA+
-59 332 65535 HSPA+
-63 335 65535 HSPA+
-75 338 65535 HSPA+
-75 341 65535 HSPA+
-75 344 65535 HSPA+
-73 347 65535 HSPA+
-79 350 65535 HSPA+
-81 353 65535 HSPA+
-79 356 65535 HSPA+
-83 359 65535 HSPA+
-83 362 65535 HSPA+
-91 365 65535 HSPA+
-83 368 65535 HSPA+
-79 371 65535 HSPA+
-87 374 65535 HSPA+
-87 378 65535 HSPA+
-87 381 65535 HSPA+
-87 385 65535 HSPA+
-71 387 65535 HSPA+
-63 390 65535 HSPA+
-63 393 65535 HSPA+
-63 396 65535 HSPA+
-63 399 65535 HSPA+
-63 402 65535 HSPA+
-67 405 65535 HSPA+
-67 409 65535 HSPA+
-57 411 65535 HSPA+
-61 414 65535 HSPA+
-67 417 65535 HSPA+
-67 420 65535 HSPA+
-63 423 65535 HSPA+
-63 426 65535 HSPA+
-63 429 65535 HSPA+
-63 432 65535 HSPA+
-63 435 65535 HSPA+
-63 438 65535 HSPA+
-63 441 65535 HSPA+
-69 443 65535 HSPA+
-69 447 65535 HSPA+
-69 449 65535 HSPA+
-71 456 65535 HSPA+
-81 456 65535 HSPA+
-81 459 65535 HSPA+
-81 464 30456 HSPA+
-81 464 30456 HSPA+
-75 465 30456 HSPA+
-75 468 30456 HSPA+
-63 471 30456 HSPA+
-67 474 30456 HSPA+
-55 477 30456 HSPA+
-63 480 30456 HSPA+
-59 483 30456 HSPA+
-59 486 30456 HSPA+
-59 492 30457 HSPA+
-59 492 30457 HSPA+
-59 492 30457 HSPA+
-59 496 30458 HSPA+
-59 497 30458 HSPA+
-59 500 30458 HSPA+
-59 503 30458 HSPA+
-61 506 30458 HSPA+
