-71 0 30458 HSPA+
-77 3 30458 HSPA+
-71 6 30458 HSPA+
-69 9 30458 HSPA+
-75 12 30458 HSPA+
-83 15 30458 HSPA+
-69 17 30458 HSPA+
-69 21 30458 HSPA+
-85 24 30458 HSPA
-83 26 30457 HSPA+
-83 29 30457 HSPA+
-79 32 30458 HSPA+
-79 35 30458 HSPA+
-79 37 30458 HSPA+
-79 38 30458 HSPA+
-91 41 30458 HSPA+
-91 44 30458 HSPA+
-91 47 30458 HSPA+
-91 52 19576 HSPA+
-87 54 19576 HSPA+
-87 57 19576 HSPA+
-87 57 19576 HSPA+
-87 59 19576 HSPA+
-87 63 19576 HSPA+
-93 65 19576 HSPA+
-93 68 19576 HSPA+
-93 71 19576 HSPA+
-93 82 32167 HSPA+
-93 82 32167 HSPA+
-93 83 32167 HSPA+
-113 83 32167 HSPA+
-101 84 32167 HSPA+
-97 86 32167 HSPA+
-97 90 32167 HSPA+
-97 93 11278 HSPA+
-91 95 11278 HSPA+
-91 99 11278 HSPA+
-91 100 11278 HSPA+
-75 101 48067 HSPA+
-75 104 48067 HSPA+
-75 108 11278 HSPA+
-75 111 11278 HSPA+
-69 113 11278 HSPA+
-69 116 11278 HSPA+
-69 117 11278 HSPA+
-75 120 11278 HSPA+
-75 122 11278 HSPA+
-75 126 11277 HSPA+
-83 128 11277 HSPA+
-83 131 11277 HSPA+
-75 135 11277 HSPA+
-85 137 11277 HSPA+
-85 138 11277 HSPA+
-79 140 11277 HSPA+
-87 143 11277 HSPA+
-91 146 11277 HSPA+
-89 149 11277 HSPA+
-91 152 11277 HSPA+
-81 155 11277 HSPA+
-87 157 11277 HSPA+
-87 158 11277 HSPA+
-85 161 11277 HSPA+
-85 165 11277 HSPA+
-85 167 11277 HSPA+
-89 170 11277 HSPA+
-89 175 65535 HSPA+
-89 176 40042 HSPA+
-89 178 40042 HSPA+
-89 180 40042 HSPA+
-85 182 40042 HSPA+
-87 185 40042 HSPA+
-87 188 40042 HSPA+
-87 192 40042 HSPA+
-87 195 40042 HSPA+
-87 197 40042 HSPA+
-87 197 40042 HSPA+
-87 201 40042 HSPA+
-87 204 40042 HSPA+
-87 207 16417 HSPA+
-77 209 16417 HSPA+
-77 212 16417 HSPA+
-81 215 16417 HSPA+
-81 218 16417 HSPA+
-83 226 16416 HSPA+
-89 226 16416 HSPA+
-83 227 16416 HSPA+
-83 230 16416 HSPA+
-83 233 16416 HSPA+
-73 236 16416 HSPA+
-77 239 16416 HSPA+
-77 240 16416 HSPA+
-81 243 16416 HSPA+
-85 245 16416 HSPA+
-83 248 16416 HSPA+
-83 251 16416 HSPA+
-87 255 16416 HSPA+
-87 261 39246 HSPA+
-85 261 39246 HSPA+
-85 261 39246 HSPA+
-89 264 39246 HSPA+
-89 267 39246 HSPA+
-89 270 39246 HSPA+
-95 273 39246 HSPA+
-95 276 39246 HSPA+
-95 285 65535 HSPA+
-95 285 65535 HSPA+
-95 285 65535 HSPA+
-95 288 65535 HSPA+
-95 291 65535 HSPA+
-95 294 65535 HSPA+
-93 297 65535 HSPA+
-93 300 65535 HSPA+
-89 303 65535 HSPA+
-89 306 65535 HSPA+
-89 309 65535 HSPA+
-89 312 65535 HSPA+
-89 317 65535 HSPA+
-89 318 65535 HSPA+
-81 320 65535 HSPA
-81 324 65535 HSPA
-77 325 8647 HSPA+
-77 327 8647 HSPA+
-61 330 8647 HSPA+
-61 333 8647 HSPA+
-83 336 8648 HSPA+
-83 339 8648 HSPA+
-85 341 8648 HSPA+
-85 342 8648 HSPA+
-81 345 8648 HSPA+
-81 348 8648 HSPA+
-81 351 8648 HSPA+
-81 354 8648 HSPA+
-87 356 8648 HSPA+
-85 360 8648 HSPA+
-85 360 8648 HSPA+
-85 363 8648 HSPA+
-85 366 8648 HSPA+
-85 369 8648 HSPA+
-91 372 8648 HSPA+
-97 374 8648 HSPA+
-93 377 8648 HSPA+
-93 381 65535 HSPA+
-93 383 13728 HSPA+
-83 384 13728 HSPA+
-65 387 13728 HSPA+
-57 389 13728 HSPA+
-57 392 13728 HSPA+
-61 398 65535 HSPA
-75 400 1178 HSPA+
-75 401 1178 HSPA+
-79 402 1178 HSPA+
-73 405 1178 HSPA
-67 407 1178 HSPA+
-61 410 1178 HSPA+
-61 413 11077 HSPA+
-59 416 11077 HSPA+
-61 419 11077 HSPA+
-61 421 11077 HSPA+
-61 422 11077 HSPA+
-61 425 11077 HSPA+
-61 428 11077 HSPA+
-61 431 11077 HSPA+
-61 434 11077 HSPA+
-73 438 11077 HSPA+
-81 440 11077 HSPA+
-81 441 11077 HSPA+
-81 443 11078 HSPA
-83 447 11078 HSPA+
-87 450 11078 HSPA+
-85 452 11078 HSPA+
-83 455 65535 HSPA+
-79 459 65535 HSPA+
-67 462 65535 HSPA+
-75 465 65535 HSPA+
-63 468 65535 HSPA+
-67 471 65535 HSPA+
-65 474 65535 HSPA+
-65 477 65535 HSPA+
-65 480 65535 HSPA+
-55 485 65535 HSPA+
-55 486 65535 HSPA+
-55 489 65535 HSPA+
-55 492 65535 HSPA+
-63 495 65535 HSPA+
-63 498 65535 HSPA+
