-83 0 40043 HSPA+
-83 8 40043 HSPA+
-91 11 40043 HSPA+
-91 14 40043 HSPA+
-91 14 40043 HSPA+
-91 17 40043 HSPA+
-91 20 40043 HSPA+
-91 23 40043 HSPA+
-91 26 40043 HSPA+
-91 29 40043 HSPA+
-91 32 40043 HSPA+
-91 35 40043 HSPA+
-95 38 40043 HSPA+
-93 41 40043 HSPA+
-93 44 40043 HSPA+
-97 47 40043 HSPA+
-99 50 40043 HSPA+
-99 53 40043 HSPA
-101 56 40043 HSPA
-95 62 30458 HSPA+
-93 65 30458 HSPA+
-79 68 30458 HSPA+
-79 71 30458 HSPA+
-87 74 30458 HSPA+
-87 77 30458 HSPA+
-87 80 30458 HSPA+
-91 83 30458 HSPA+
-91 86 30458 HSPA+
-91 88 30458 HSPA+
-91 89 30458 HSPA+
-83 92 30453 EDGE
-61 95 30453 EDGE
-61 98 30453 EDGE
-57 101 30453 EDGE
-57 104 30453 EDGE
-71 106 30458 HSPA+
-71 107 30458 HSPA+
-71 109 30458 HSPA+
-71 112 30458 HSPA+
-71 115 30458 HSPA+
-63 118 30458 HSPA+
-63 121 30458 HSPA+
-63 124 30458 HSPA+
-71 127 30458 HSPA+
-71 129 30458 HSPA+
-75 130 30458 HSPA+
-69 133 30458 HSPA+
-75 136 30458 HSPA+
-69 139 30458 HSPA+
-71 142 30458 HSPA+
-71 145 30458 HSPA+
-57 148 30458 HSPA+
-57 151 30458 HSPA+
-57 154 30458 HSPA+
-57 157 30458 HSPA+
-57 160 30458 HSPA+
-57 163 30458 HSPA+
-57 166 30458 HSPA+
-57 169 30458 HSPA+
-57 172 30458 HSPA+
-57 214 30456 HSPA+
-57 214 30456 HSPA+
-57 214 30456 HSPA+
-65 214 30456 HSPA+
-65 214 30456 HSPA+
-65 214 30456 HSPA+
-75 214 30456 HSPA+
-69 214 30456 HSPA+
-69 214 30456 HSPA+
-69 214 30456 HSPA+
-75 214 30456 HSPA+
-75 214 30456 HSPA+
-73 214 30456 HSPA+
-73 214 30456 HSPA+
-77 214 30456 HSPA+
-77 215 30456 HSPA+
-77 216 30456 HSPA+
-77 242 30456 HSPA+
-77 242 30456 HSPA+
-79 242 30456 HSPA+
-79 242 30456 HSPA+
-83 242 30456 HSPA+
-85 243 65535 HSPA+
-75 243 65535 HSPA+
-79 243 65535 HSPA+
-79 245 65535 HSPA+
-59 250 65535 HSPA+
-63 253 65535 HSPA+
-71 258 65535 HSPA+
-79 261 65535 HSPA+
-73 264 65535 HSPA+
-73 267 65535 HSPA+
-73 270 65535 HSPA+
-73 273 65535 HSPA+
-67 276 65535 HSPA+
-67 284 65535 HSPA+
-67 284 65535 HSPA+
-65 285 65535 HSPA+
-65 288 65535 HSPA+
-65 291 65535 HSPA+
-65 294 65535 HSPA+
-65 298 65535 HSPA+
-65 300 65535 HSPA+
-67 303 65535 HSPA+
-69 313 65535 HSPA+
-69 321 65535 HSPA+
-69 321 65535 HSPA+
-69 321 65535 HSPA+
-61 321 65535 HSPA+
-65 324 65535 HSPA+
-63 327 65535 HSPA+
-63 330 65535 HSPA+
-69 333 65535 HSPA+
-73 336 65535 HSPA+
-61 339 65535 HSPA+
-69 342 65535 HSPA+
-63 345 65535 HSPA+
-63 390 65535 HSPA+
-59 391 65535 HSPA+
-59 402 65535 HSPA+
-59 412 65535 HSPA+
-59 412 65535 HSPA+
-65 413 65535 HSPA+
-65 413 65535 HSPA+
-71 413 65535 HSPA+
-71 413 65535 HSPA+
-71 413 65535 HSPA+
-79 413 65535 HSPA+
-79 413 65535 HSPA+
-79 414 65535 HSPA+
-79 414 65535 HSPA+
-83 414 65535 HSPA+
-83 414 65535 HSPA+
-83 414 65535 HSPA+
-77 414 65535 HSPA+
-77 414 65535 HSPA+
-77 415 65535 HSPA+
-87 415 65535 HSPA+
-87 415 65535 HSPA+
-61 512 34818 HSPA+
-69 512 34818 HSPA+
-59 515 34818 HSPA+
-59 519 34818 HSPA+
-71 522 34818 HSPA+
-71 525 34818 HSPA+
-71 528 34818 HSPA+
-83 531 34818 HSPA+
-83 534 34818 HSPA+
-83 534 34818 HSPA+
-77 537 34818 HSPA+
-77 543 65535 HSPA+
-77 543 11276 HSPA+
-89 546 11276 HSPA+
-85 552 11276 HSPA+
-85 553 11276 HSPA+
-83 556 11276 HSPA+
