-63 0 30458 HSPA
-65 7 30458 HSPA+
-77 10 30458 HSPA+
-69 13 30458 HSPA+
-69 16 30458 HSPA+
-77 19 30458 HSPA+
-83 21 30458 HSPA+
-83 25 30458 HSPA+
-77 28 30458 HSPA+
-77 31 30458 HSPA+
-77 33 30458 HSPA+
-77 37 30458 HSPA+
-77 40 30458 HSPA+
-77 43 30458 HSPA+
-87 46 30458 HSPA+
-87 49 30458 HSPA+
-87 52 30458 HSPA+
-87 55 19576 HSPA+
-83 57 19576 HSPA+
-83 60 19576 HSPA+
-87 62 19576 HSPA+
-93 64 19576 HSPA+
-91 66 19576 HSPA+
-91 69 19576 HSPA+
-89 72 19576 HSPA+
-89 79 32167 HSPA+
-89 80 32167 HSPA+
-89 81 32167 HSPA+
-89 82 32167 HSPA+
-89 85 32167 HSPA+
-91 92 11278 HSPA+
-91 92 11278 HSPA+
-91 94 11278 HSPA+
-89 98 48067 HSPA+
-71 99 48067 HSPA+
-71 101 48067 HSPA+
-71 105 11278 HSPA+
-69 106 11278 HSPA+
-73 108 11278 HSPA+
-73 111 11278 HSPA+
-69 115 11278 HSPA+
-69 117 11278 HSPA+
-69 121 11277 HSPA+
-69 121 11277 HSPA+
-75 123 11277 HSPA+
-77 126 11277 HSPA+
-77 129 11277 HSPA+
-81 132 11277 HSPA+
-79 135 11277 HSPA+
-79 138 11277 HSPA+
-83 142 11277 HSPA+
-83 142 11277 HSPA+
-83 145 11277 HSPA+
-83 148 11277 HSPA+
-79 150 11277 HSPA+
-79 153 11277 HSPA+
-79 157 11277 HSPA+
-81 160 11277 HSPA+
-81 162 11277 HSPA+
-81 166 11277 HSPA+
-93 169 11277 HSPA+
-93 172 40042 HSPA+
-93 174 40042 HSPA+
-89 178 40042 HSPA+
-89 181 40042 HSPA+
-89 182 40042 HSPA+
-89 184 40042 HSPA+
-89 187 40042 HSPA+
-89 190 40042 HSPA+
-89 194 16417 HSPA+
-83 196 16417 HSPA+
-83 199 16417 HSPA+
-83 202 16417 HSPA+
-83 202 16417 HSPA+
-77 205 16417 HSPA+
-71 208 16417 HSPA+
-71 210 16417 HSPA+
-77 213 16417 HSPA+
-77 217 16417 HSPA+
-77 223 16416 HSPA+
-77 223 16416 HSPA+
-87 223 16416 HSPA+
-77 226 16416 HSPA+
-77 229 16416 HSPA+
-71 232 16416 HSPA+
-71 235 16416 HSPA+
-71 238 16416 HSPA+
-75 241 16416 HSPA+
-75 242 16416 HSPA+
-75 244 16416 HSPA+
-81 247 16416 HSPA+
-89 250 16416 HSPA+
-89 253 16416 HSPA+
-89 256 65535 HSPA+
-77 259 39246 HSPA+
-77 262 39246 HSPA+
-77 262 39246 HSPA+
-85 264 39246 HSPA+
-91 267 39246 HSPA+
-91 270 39246 HSPA+
-91 275 65535 HSPA+
-91 276 65535 HSPA+
-91 280 65535 HSPA+
-91 282 65535 HSPA+
-91 285 65535 HSPA+
-91 288 65535 HSPA+
-89 292 65535 HSPA+
-85 295 65535 HSPA+
-85 298 65535 HSPA+
-87 301 65535 HSPA+
-87 303 65535 HSPA+
-87 306 65535 HSPA+
-83 310 65535 HSPA+
-77 313 65535 HSPA+
-77 316 65535 HSPA+
-71 319 65535 HSPA+
-71 322 65535 HSPA+
-71 324 65535 HSPA+
-67 327 65535 HSPA+
-75 331 65535 HSPA+
-75 334 65535 HSPA+
-81 337 65535 HSPA+
-79 340 65535 HSPA+
-79 343 65535 HSPA+
-79 346 65535 HSPA+
-83 349 65535 HSPA+
-83 351 65535 HSPA+
-83 355 65535 HSPA+
-83 358 65535 HSPA+
-83 361 65535 HSPA+
-79 363 65535 HSPA+
-91 367 65535 HSPA+
-91 369 65535 HSPA+
-91 372 65535 HSPA+
-89 376 65535 HSPA+
-89 380 65535 HSPA+
-67 381 65535 HSPA+
-67 385 65535 HSPA+
-67 388 65535 HSPA+
-61 390 65535 HSPA+
-73 394 65535 HSPA+
-73 397 65535 HSPA+
-63 400 65535 HSPA+
-71 403 65535 HSPA+
-71 405 65535 HSPA+
-67 409 65535 HSPA+
-67 412 65535 HSPA+
-67 414 65535 HSPA+
-61 418 65535 HSPA+
-61 420 65535 HSPA+
-61 425 65535 HSPA+
-73 426 65535 HSPA+
-73 429 65535 HSPA+
-75 433 65535 HSPA+
-75 435 65535 HSPA+
-75 438 65535 HSPA+
-77 443 65535 HSPA+
-77 444 65535 HSPA+
-77 451 30456 HSPA+
-77 451 30456 HSPA+
-77 452 30456 HSPA+
-69 453 30456 HSPA+
-69 457 30456 HSPA+
-57 460 30456 HSPA+
-57 462 30456 HSPA+
-57 466 30456 HSPA+
-63 469 30456 HSPA+
-63 472 30456 HSPA+
-63 475 30457 HSPA+
-57 477 30457 HSPA+
-57 480 30458 HSPA+
-57 483 30458 HSPA+
-57 484 30458 HSPA+
-61 486 30458 HSPA+
-53 490 30458 HSPA+
-53 492 30458 HSPA+
